1          36, 48, 82, 95, 96
2          6, 12, 13, 38, 75, 93, 97
3          9, 15, 23, 30, 31, 35, 44, 45, 46, 47, 49, 66, 67, 76, 79, 81, 86, 90
4          10, 19, 20, 27, 39, 41, 54, 55, 58, 73, 77, 78, 85, 88, 89
5          3, 4, 32, 52, 56, 59, 60, 64
6          5, 7, 43, 62, 87
7          1, 2, 8, 17, 24, 29, 34, 51, 53, 57, 61, 63, 65, 94, 98, 99
8          16, 21, 69, 80
9          14, 18, 25, 26, 33, 40, 42, 50, 74, 84, 91, 100
10          11, 22, 28, 37, 68, 70, 71, 72, 83, 92
The SSE value is: 0.770435012302