1          5, 7, 31, 35, 43, 62, 67, 87
2          6, 12, 13, 75, 93, 97
3          3, 14, 16, 18, 21, 25, 26, 40, 42, 50, 69, 80, 100
4          10, 73, 85, 89
5          9, 15, 23, 30, 44, 45, 46, 47, 49, 66, 76, 81, 86, 90
6          38, 56, 59
7          19, 20, 27, 41, 54, 55, 77, 78, 88
8          36, 82
9          4, 11, 22, 32, 52, 60, 64, 68, 70, 71, 92
10          17, 94
11          2, 24, 29, 34, 39, 51, 53, 57, 58, 61, 63, 65
12          28, 33, 37, 48, 72, 74, 83, 84, 91, 95, 96
13          1, 8, 79, 98, 99
The SSE value is: 0.56975343269