1          10, 19, 27, 41, 54, 55, 73, 77, 78, 85, 88, 89
2          3, 16, 21, 25, 42, 69, 80, 100
3          4, 32, 52, 56, 59, 60, 64
4          11, 14, 18, 22, 26, 33, 40, 50, 70, 74, 84, 91
5          28, 36, 37, 48, 68, 71, 72, 82, 83, 92, 95, 96
6          9, 44, 49
7          24, 29, 34, 39, 51, 53, 57, 58, 63, 65
8          6, 38
9          15, 23, 30, 35, 45, 46, 47, 66, 76, 81, 86, 90
10          1, 2, 8, 61, 98, 99
11          5, 7, 43, 62, 67, 87
12          17, 94
13          31, 79
14          12, 13, 20, 75, 93, 97
The SSE value is: 0.52018357381