1          2, 24, 29, 34, 39, 51, 58, 63
2          5, 31, 35, 43, 67, 79
3          12, 75, 93
4          53, 57, 61, 65
5          10, 73, 85, 89
6          3, 16, 56
7          7, 9, 15, 23, 30, 44, 45, 46, 47, 49, 62, 66, 76, 81, 86, 87, 90
8          28, 36, 37, 48, 68, 71, 72, 82, 83, 92, 95, 96
9          1, 8, 17, 94, 98, 99
10          14, 18, 21, 25, 42, 69, 74, 80, 100
11          6, 13, 38, 97
12          11, 22, 26, 33, 40, 50, 70, 84, 91
13          19, 27, 54, 55, 78, 88
14          4, 32, 52, 59, 60, 64
15          20, 41, 77
The SSE value is: 0.57777970098