1          3, 4, 11, 22, 26, 60, 64, 70
2          16, 38, 56, 59
3          15, 66, 76, 81, 86, 90
4          10, 73, 85, 89
5          6, 12, 13, 20, 41, 75, 77, 93, 97
6          5, 7, 43, 62, 87
7          1, 2, 8, 17, 53, 57, 61, 65, 94, 98, 99
8          23, 30, 35, 45, 46, 47, 67
9          9, 44, 49
10          19, 24, 27, 29, 34, 39, 51, 54, 55, 58, 63, 78, 88
11          36, 82
12          33, 40, 83, 84, 91
13          14, 18, 21, 25, 42, 50, 69, 74, 80, 100
14          31, 79
15          32, 52
16          28, 37, 68, 71, 72, 92
17          48, 95, 96
The SSE value is: 0.443916223063